336140
1354537686
1194115201
1259501992
1407342130
814290852
2020550880
1693606898
1702877348
1490048534
1793193459
833926830
1329951488
1484860840
1148079870
1275613590
1527921388
330634580
1791337459
1435426120
751016884
1863429808
1910758855
1307237494
1982852848
1156582190
1974930990
1157900898
687167144
51135642
443276294
1335692731
1341167826
2038585340
1549705142
1212650778
1401815816
1211405961
1955012967
1403137269
2020304752
1772753897
973256802
1145807831
1106352968
1560917450
1358700796
1819071734
1561434646
1563857964
1427964481
1669276942
1622399572
1608612146
1272705739
1428231253
1857946652
2097152784
395484954
1300609030
199848794
194256850
699734510
817458598
1860625187
2018133942
1420442476
1948474080
2051458914
1583749330
30369490
1806938869
1655319056
593454614
1277640830
1383963552
1760075614
1075545360
1321008721
1507631161
1194743948
1089434586
681512580
1899563128
1465595994
1268880136
1555831042
1091437022
2135841687
1902073804
1425709172
271520578
1095544109
570101170
1956649285
1974892968
518865144
1782868388
1488577086
661193704
